
max_rho0_guess_values =

   5.4000e-05

***************
Now solving case:
kv_e = 50, d = 0.130
   31-Aug-2019 15:35:16


, 80
 rho0: 2.7e-05, Ee: 2.58e+07, exit: 61.0 perc, 80, 160
 rho0: 2.7e-05, Ee: 1.85e+07, exit: 7.9 perc
 rho0: 2.7e-05, Ee: 1.42e+07, exit: 2.3 perc, 80, 160, 320
 rho0: 2.7e-05, Ee: 1.25e+07, exit: 1.5 perc, 80, 160, 320, 640, 128036      sum(repmat(c(:,2),1,size(x0,2)).*K(:,:,2),1)]./h;
K>> 1e-7

ans =

   1.0000e-07

K>> 1

ans =

     1

K>> 1e-1

ans =

    0.1000

K>> 1e-9

ans =

   1.0000e-09


 rho0: 2.7e-05, Ee: 1.19e+07, exit: 1.6 perc, 80, 160, 320, 640
 rho0: 2.7e-05, Ee: 1.18e+07, exit: 0.5 perc
, 80
 rho0: 7.02e-05, Ee: 2.58e+07, exit: 81.8 perc
 rho0: 7.02e-05, Ee: 1.53e+07, exit: 10.4 perc, 80, 160, 320, 640
 rho0: 7.02e-05, Ee: 9.04e+06, exit: 4.3 perc, 80, 160
 rho0: 7.02e-05, Ee: 6.98e+06, exit: 5.0 perc, 80, 160, 320, 640
 rho0: 7.02e-05, Ee: 6.98e+06, exit: 2.3 perc, 80, 160, 320, 640
 rho0: 7.02e-05, Ee: 7.28e+06, exit: 0.6 perc, 80, 160, 320, 640
 rho0: 7.02e-05, Ee: 7.37e+06, exit: 0.7 perc, 80, 160, 320, 640
 rho0: 7.02e-05, Ee: 7.3e+06, exit: 0.3 perc
 Func-count    x          f(x)             Procedure
    2        7.02e-05  -1.36684e+06        initial
, 80
 rho0: 5.71e-05, Ee: 2.58e+07, exit: 77.0 perc
 rho0: 5.71e-05, Ee: 1.6e+07, exit: 9.9 perc, 80, 160, 320
 rho0: 5.71e-05, Ee: 1.03e+07, exit: 3.6 perc, 80, 160, 320, 640, 1280
 rho0: 5.71e-05, Ee: 8.19e+06, exit: 4.4 perc, 80, 160, 320, 640, 1280, 2560
 rho0: 5.71e-05, Ee: 8.02e+06, exit: 1.8 perc, 80, 160, 320, 640, 1280
 rho0: 5.71e-05, Ee: 8.2e+06, exit: 0.5 perc, 80, 160, 320, 640, 1280
 rho0: 5.71e-05, Ee: 8.29e+06, exit: 0.4 perc
    3     5.70511e-05       -379221        interpolation
, 80
 rho0: 5.25e-05, Ee: 2.58e+07, exit: 75.2 perc
 rho0: 5.25e-05, Ee: 1.63e+07, exit: 9.6 perc
 rho0: 5.25e-05, Ee: 1.07e+07, exit: 3.5 perc, 80, 160, 320
 rho0: 5.25e-05, Ee: 8.63e+06, exit: 4.2 perc, 80, 160, 320, 640
 rho0: 5.25e-05, Ee: 8.39e+06, exit: 2.0 perc, 80, 160
 rho0: 5.25e-05, Ee: 8.56e+06, exit: 1.0 perc, 80, 160, 320, 640
 rho0: 5.25e-05, Ee: 8.69e+06, exit: 0.7 perc
 rho0: 5.25e-05, Ee: 8.64e+06, exit: 0.8 perc, 80, 160, 320
 rho0: 5.25e-05, Ee: 8.66e+06, exit: 1.4 perc
 rho0: 5.25e-05, Ee: 8.52e+06, exit: 1.2 perc, 80, 160, 320
 rho0: 5.25e-05, Ee: 8.59e+06, exit: 1.1 perc, 80, 160, 320
 rho0: 5.25e-05, Ee: 8.51e+06, exit: 0.5 perc, 80, 160, 320, 640, 1280, 2560
 rho0: 5.25e-05, Ee: 8.55e+06, exit: 0.2 perc
    4     5.25488e-05       -117087        interpolation
, 80
 rho0: 5.07e-05, Ee: 2.58e+07, exit: 74.4 perc
 rho0: 5.07e-05, Ee: 1.65e+07, exit: 9.3 perc, 80
 rho0: 5.07e-05, Ee: 1.09e+07, exit: 3.3 perc, 80, 160, 320
 rho0: 5.07e-05, Ee: 8.86e+06, exit: 4.0 perc, 80, 160
 rho0: 5.07e-05, Ee: 8.59e+06, exit: 2.7 perc, 80, 160, 320, 640, 1280, 2560
 rho0: 5.07e-05, Ee: 8.82e+06, exit: 0.8 perc, 80, 160, 320, 640
 rho0: 5.07e-05, Ee: 8.82e+06, exit: 0.1 perc
    5     5.25488e-05       -117087        interpolation
, 80
 rho0: 5.17e-05, Ee: 2.58e+07, exit: 74.8 perc, 80
 rho0: 5.17e-05, Ee: 1.64e+07, exit: 9.6 perc, 80
 rho0: 5.17e-05, Ee: 1.08e+07, exit: 3.4 perc, 80, 160, 320, 640
 rho0: 5.17e-05, Ee: 8.74e+06, exit: 4.2 perc, 80, 160
 rho0: 5.17e-05, Ee: 8.51e+06, exit: 2.3 perc, 80, 160, 320, 640, 1280
 rho0: 5.17e-05, Ee: 8.71e+06, exit: 0.8 perc, 80, 160, 320, 640
 rho0: 5.17e-05, Ee: 8.7e+06, exit: 0.4 perc
    6     5.17232e-05         36123        interpolation
, 80
 rho0: 5.19e-05, Ee: 2.58e+07, exit: 74.9 perc, 80
 rho0: 5.19e-05, Ee: 1.64e+07, exit: 9.6 perc, 80, 160
 rho0: 5.19e-05, Ee: 1.08e+07, exit: 3.3 perc, 80, 160
 rho0: 5.19e-05, Ee: 8.76e+06, exit: 3.7 perc, 80, 160, 320, 640, 1280
 rho0: 5.19e-05, Ee: 8.48e+06, exit: 2.2 perc, 80, 160, 320
 rho0: 5.19e-05, Ee: 8.64e+06, exit: 0.6 perc, 80, 160, 320
 rho0: 5.19e-05, Ee: 8.68e+06, exit: 0.4 perc
    7     5.19232e-05       15711.1        interpolation
, 80
 rho0: 5.21e-05, Ee: 2.58e+07, exit: 75.0 perc
 rho0: 5.21e-05, Ee: 1.64e+07, exit: 9.7 perc, 80, 160
 rho0: 5.21e-05, Ee: 1.08e+07, exit: 3.4 perc, 80, 160, 320
 rho0: 5.21e-05, Ee: 8.72e+06, exit: 3.9 perc, 80, 160, 320, 640, 1280, 2560
 rho0: 5.21e-05, Ee: 8.47e+06, exit: 1.9 perc, 80, 160, 320, 640
 rho0: 5.21e-05, Ee: 8.62e+06, exit: 0.3 perc
    8     5.19232e-05       15711.1        interpolation

Zero found in the interval [2.7e-05, 7.02e-05]

results =

  struct with fields:

    num_emit: 20


 rho0: 5.19e-05, Ee: 2.58e+07, exit: 74.4 perc
T_old =

    0.0597


T =

   -0.0261


results =

  struct with fields:

    num_emit: 20
          Ee: 2.5775e+07
          Ec: [1×96 double]
      Ie_old: 5.1466e-04
          Ie: 5.0455e-04
      Ic_old: 3.3932e-05
          Ic: -3.3688e-05
          Je: 0
          Jc: 0
       T_old: 0.0597
           T: -0.0261
           P: 25.2274
        rho0: 5.1923e-05
         eta: -1.0334
           p: [2×63471 double]
           e: [7×480 double]
           t: [4×126464 double]
         phi: [63471×1 double]
       f_new: [1×126464 double]
     finterp: [1×1 scatteredInterpolant]
      Ey_new: [1×126464 double]
       dAFEM: [1×126464 double]
    uxinterp: [1×1 scatteredInterpolant]
    uyinterp: [1×1 scatteredInterpolant]


 rho0: 5.19e-05, Ee: 1.64e+07, exit: 10.3 perc
T_old =

    0.0877


T =

   -0.0642

, 40, 80, 160
results =

  struct with fields:

    num_emit: 160
          Ee: 1.6436e+07
          Ec: [1×96 double]
      Ie_old: 3.2818e-04
          Ie: 3.2173e-04
      Ic_old: 1.0369e-04
          Ic: -1.0284e-04
          Je: 0
          Jc: 0
       T_old: 0.0877
           T: -0.0642
           P: 16.0866
        rho0: 5.1923e-05
         eta: -3.9930
           p: [2×63471 double]
           e: [7×480 double]
           t: [4×126464 double]
         phi: [63471×1 double]
       f_new: [1×126464 double]
     finterp: [1×1 scatteredInterpolant]
      Ey_new: [1×126464 double]
       dAFEM: [1×126464 double]
    uxinterp: [1×1 scatteredInterpolant]
    uyinterp: [1×1 scatteredInterpolant]


 rho0: 5.19e-05, Ee: 1.08e+07, exit: 3.4 perc
T_old =

    0.0906


T =

   -0.0822

, 40, 80, 160, 320
results =

  struct with fields:

    num_emit: 320
          Ee: 1.0773e+07
          Ec: [1×96 double]
      Ie_old: 2.1512e-04
          Ie: 2.1089e-04
      Ic_old: 1.4708e-04
          Ic: -1.4592e-04
          Je: 0
          Jc: 0
       T_old: 0.0906
           T: -0.0822
           P: 10.5447
        rho0: 5.1923e-05
         eta: -7.7984
           p: [2×63471 double]
           e: [7×480 double]
           t: [4×126464 double]
         phi: [63471×1 double]
       f_new: [1×126464 double]
     finterp: [1×1 scatteredInterpolant]
      Ey_new: [1×126464 double]
       dAFEM: [1×126464 double]
    uxinterp: [1×1 scatteredInterpolant]
    uyinterp: [1×1 scatteredInterpolant]


 rho0: 5.19e-05, Ee: 8.7e+06, exit: 4.1 perc
T_old =

    0.0861


T =

   -0.0854

, 40, 80, 160
results =

  struct with fields:

    num_emit: 160
          Ee: 8.7046e+06
          Ec: [1×96 double]
      Ie_old: 1.7381e-04
          Ie: 1.7039e-04
      Ic_old: 1.6051e-04
          Ic: -1.5935e-04
          Je: 0
          Jc: 0
       T_old: 0.0861
           T: -0.0854
           P: 8.5197
        rho0: 5.1923e-05
         eta: -10.0193
           p: [2×63471 double]
           e: [7×480 double]
           t: [4×126464 double]
         phi: [63471×1 double]
       f_new: [1×126464 double]
     finterp: [1×1 scatteredInterpolant]
      Ey_new: [1×126464 double]
       dAFEM: [1×126464 double]
    uxinterp: [1×1 scatteredInterpolant]
    uyinterp: [1×1 scatteredInterpolant]


 rho0: 5.19e-05, Ee: 8.47e+06, exit: 2.0 perc
T_old =

    0.0840


T =

   -0.0848

, 40, 80, 160
